1146.32702277573,3.98294909625439e-11,3.98294909625439e-12,7.96589819250878e-13,3.98294909625439e-13
1175.60161337813,9.56662398503411e-11,9.56662398503411e-12,1.91332479700682e-12,9.56662398503411e-13
1205.62381058659,1.64847851121276e-10,1.64847851121276e-11,3.29695702242552e-12,1.64847851121276e-12
1236.41270657715,2.44129757708736e-10,2.44129757708736e-11,4.88259515417472e-12,2.44129757708736e-12
1267.98788109673,3.31308127066726e-10,3.31308127066726e-11,6.62616254133452e-12,3.31308127066726e-12
1300.36941391449,4.24173385283901e-10,4.24173385283901e-11,8.48346770567801e-12,4.24173385283901e-12
1333.57789759138,5.21496018182612e-10,5.21496018182612e-11,1.04299203636522e-11,5.21496018182612e-12
1367.63445057559,6.22969064820597e-10,6.22969064820597e-11,1.2459381296412e-11,6.22969064820598e-12
1402.56073063255,7.26498290897381e-10,7.26498290897381e-11,1.45299658179476e-11,7.26498290897381e-12
1438.37894861789,8.32839518797395e-10,8.32839518797395e-11,1.66567903759479e-11,8.32839518797395e-12
1475.11188260206,9.38367923987116e-10,9.38367923987115e-11,1.87673584797423e-11,9.38367923987115e-12
1512.78289235575,1.04558867100714e-09,1.04558867100714e-10,2.09117734201429e-11,1.04558867100714e-11
1551.41593420517,1.15294863071121e-09,1.15294863071121e-10,2.30589726142242e-11,1.15294863071121e-11
1591.03557626675,1.2584522579206e-09,1.2584522579206e-10,2.5169045158412e-11,1.2584522579206e-11
1631.66701407084,1.36335998902975e-09,1.36335998902975e-10,2.7267199780595e-11,1.36335998902975e-11
1673.33608658445,1.46771887188893e-09,1.46771887188893e-10,2.93543774377787e-11,1.46771887188893e-11
1716.06929264319,1.56813069700458e-09,1.56813069700458e-10,3.13626139400916e-11,1.56813069700458e-11
1759.89380780277,1.6664198901204e-09,1.6664198901204e-10,3.3328397802408e-11,1.6664198901204e-11
1804.83750162093,1.76344499435195e-09,1.76344499435195e-10,3.52688998870391e-11,1.76344499435195e-11
1850.92895538066,1.85815313163858e-09,1.85815313163858e-10,3.71630626327716e-11,1.85815313163858e-11
1898.19748026607,1.94790551258266e-09,1.94790551258266e-10,3.89581102516532e-11,1.94790551258266e-11
1946.67313600236,2.07581258425267e-09,2.07581258425267e-10,4.15162516850534e-11,2.07581258425267e-11
1996.38674997192,2.38454900194494e-09,2.38454900194494e-10,4.76909800388987e-11,2.38454900194494e-11
2047.36993681851,2.83511293422988e-09,2.83511293422988e-10,5.67022586845975e-11,2.83511293422988e-11
2099.65511855215,3.36255255016619e-09,3.36255255016619e-10,6.72510510033237e-11,3.36255255016619e-11
2153.27554516742,3.96577306717644e-09,3.96577306717644e-10,7.93154613435288e-11,3.96577306717644e-11
2208.26531578827,4.6001508157995e-09,4.6001508157995e-10,9.200301631599e-11,4.6001508157995e-11
2264.65940035293,5.27553227792766e-09,5.27553227792766e-10,1.05510645558553e-10,5.27553227792766e-11
2322.49366185247,5.99510025086411e-09,5.99510025086411e-10,1.19902005017282e-10,5.99510025086411e-11
2381.80487913735,6.69718641804702e-09,6.69718641804702e-10,1.3394372836094e-10,6.69718641804702e-11
2442.63077030643,7.44128684112268e-09,7.44128684112268e-10,1.48825736822454e-10,7.44128684112268e-11
2505.0100166932,8.24340816943188e-09,8.24340816943187e-10,1.64868163388637e-10,8.24340816943187e-11
2568.98228746461,9.18927346206355e-09,9.18927346206355e-10,1.83785469241271e-10,9.18927346206355e-11
2634.58826484811,1.02414087530039e-08,1.02414087530039e-09,2.04828175060077e-10,1.02414087530039e-10
2701.86967000294,1.13182261736888e-08,1.13182261736888e-09,2.26364523473776e-10,1.13182261736888e-10
2770.86928955203,1.2442232639614e-08,1.2442232639614e-09,2.48844652792281e-10,1.2442232639614e-10
2841.63100279156,1.35670084606363e-08,1.35670084606363e-09,2.71340169212726e-10,1.35670084606363e-10
2914.19980959537,1.47419211478207e-08,1.47419211478207e-09,2.94838422956413e-10,1.47419211478207e-10
2988.62185903193,1.59073545200804e-08,1.59073545200804e-09,3.18147090401608e-10,1.59073545200804e-10
3064.9444787122,1.70591585957589e-08,1.70591585957589e-09,3.41183171915178e-10,1.70591585957589e-10
3143.21620488691,1.82382351185322e-08,1.82382351185322e-09,3.64764702370643e-10,1.82382351185322e-10
3223.48681331248,1.95149575062535e-08,1.95149575062535e-09,3.9029915012507e-10,1.95149575062535e-10
3305.80735090518,2.08806524832831e-08,2.08806524832831e-09,4.17613049665661e-10,2.08806524832831e-10
3390.23016820368,2.24519953822707e-08,2.24519953822706e-09,4.49039907645413e-10,2.24519953822706e-10
3476.80895266061,2.40290407055013e-08,2.40290407055013e-09,4.80580814110025e-10,2.40290407055013e-10
3565.59876278427,2.56243918226445e-08,2.56243918226445e-09,5.1248783645289e-10,2.56243918226445e-10
3656.65606315234,2.72669840249417e-08,2.72669840249417e-09,5.45339680498834e-10,2.72669840249417e-10
3750.03876031963,2.88736859193734e-08,2.88736859193734e-09,5.77473718387468e-10,2.88736859193734e-10
3845.80623964297,3.05639885909817e-08,3.05639885909816e-09,6.11279771819633e-10,3.05639885909817e-10
3944.01940304644,3.21236427666117e-08,3.21236427666117e-09,6.42472855332234e-10,3.21236427666117e-10
4044.74070775102,3.39610415227326e-08,3.39610415227326e-09,6.79220830454653e-10,3.39610415227326e-10
4148.03420599338,3.61164324328953e-08,3.61164324328953e-09,7.22328648657906e-10,3.61164324328953e-10
4253.96558575894,3.82834288303051e-08,3.82834288303051e-09,7.65668576606102e-10,3.82834288303051e-10
4362.60221255522,4.06120589279612e-08,4.06120589279612e-09,8.12241178559224e-10,4.06120589279612e-10
4474.01317225187,4.28408997515882e-08,4.28408997515882e-09,8.56817995031763e-10,4.28408997515882e-10
4588.26931501492,4.50829939278345e-08,4.50829939278345e-09,9.01659878556689e-10,4.50829939278345e-10
4705.44330036278,4.75753095968081e-08,4.75753095968081e-09,9.51506191936162e-10,4.75753095968081e-10
4825.60964337313,5.02366282399873e-08,5.02366282399873e-09,1.00473256479975e-09,5.02366282399873e-10
4948.84476206959,5.31292714707951e-08,5.31292714707951e-09,1.0625854294159e-09,5.31292714707951e-10
5075.22702601865,5.6334965423383e-08,5.6334965423383e-09,1.12669930846766e-09,5.6334965423383e-10
5204.83680616773,5.96395728213288e-08,5.96395728213287e-09,1.19279145642658e-09,5.96395728213288e-10
5337.75652595579,6.29512769328639e-08,6.29512769328639e-09,1.25902553865728e-09,6.29512769328639e-10
5474.0707137294,6.63885252801085e-08,6.63885252801085e-09,1.32777050560217e-09,6.63885252801085e-10
5613.86605649726,7.01711665323925e-08,7.01711665323924e-09,1.40342333064785e-09,7.01711665323924e-10
5757.23145505752,7.43582934601596e-08,7.43582934601596e-09,1.48716586920319e-09,7.43582934601596e-10
5904.25808053297,7.92124543727135e-08,7.92124543727135e-09,1.58424908745427e-09,7.92124543727135e-10
6055.03943234997,8.41632602948567e-08,8.41632602948567e-09,1.68326520589713e-09,8.41632602948567e-10
6209.67139769804,8.88843490571847e-08,8.88843490571847e-09,1.77768698114369e-09,8.88843490571847e-10
6368.25231250787,9.37362099232285e-08,9.37362099232285e-09,1.87472419846457e-09,9.37362099232285e-10
6530.8830239867,9.91185554491485e-08,9.91185554491485e-09,1.98237110898297e-09,9.91185554491485e-10
6697.66695475053,1.03905063446798e-07,1.03905063446798e-08,2.07810126893596e-09,1.03905063446798e-09
6868.71016859429,1.10416971588409e-07,1.10416971588409e-08,2.20833943176818e-09,1.10416971588409e-09
7044.12143794151,1.17653527804533e-07,1.17653527804533e-08,2.35307055609067e-09,1.17653527804534e-09
7224.01231301654,1.24385091994038e-07,1.24385091994038e-08,2.48770183988075e-09,1.24385091994038e-09
7408.49719278335,1.32181351813821e-07,1.32181351813821e-08,2.64362703627642e-09,1.32181351813821e-09
7597.69339769577,1.38771949333282e-07,1.38771949333282e-08,2.77543898666565e-09,1.38771949333282e-09
7791.72124430579,1.46952560717301e-07,1.46952560717301e-08,2.93905121434602e-09,1.46952560717301e-09
7990.70412177711,1.54972396181979e-07,1.54972396181979e-08,3.09944792363959e-09,1.54972396181979e-09
8194.76857035258,1.65178327205502e-07,1.65178327205502e-08,3.30356654411005e-09,1.65178327205502e-09
8404.04436182572,1.7597210943476e-07,1.7597210943476e-08,3.51944218869521e-09,1.7597210943476e-09
8618.66458206713,1.83934909150682e-07,1.83934909150682e-08,3.67869818301365e-09,1.83934909150682e-09
8838.76571565852,1.95757529275167e-07,1.95757529275167e-08,3.91515058550333e-09,1.95757529275167e-09
9064.48773268804,2.09705945901149e-07,2.09705945901149e-08,4.19411891802297e-09,2.09705945901149e-09
9295.97417776226,2.20737652158283e-07,2.20737652158283e-08,4.41475304316565e-09,2.20737652158283e-09
9533.37226129124,2.36000097452154e-07,2.36000097452154e-08,4.72000194904308e-09,2.36000097452154e-09
9776.83295310476,2.52215960133166e-07,2.52215960133165e-08,5.04431920266331e-09,2.52215960133165e-09
10026.5110784595,2.630188645073e-07,2.630188645073e-08,5.26037729014599e-09,2.630188645073e-09
10282.5654164978,2.81204747005628e-07,2.81204747005628e-08,5.62409494011255e-09,2.81204747005628e-09
10545.158801221,3.01419857222919e-07,3.01419857222919e-08,6.02839714445838e-09,3.01419857222919e-09
10814.4582250412,3.18078661382257e-07,3.18078661382257e-08,6.36157322764513e-09,3.18078661382257e-09
11090.6349449777,3.38550759310941e-07,3.38550759310941e-08,6.77101518621882e-09,3.38550759310941e-09
11373.8645915655,3.63344571755131e-07,3.6334457175513e-08,7.26689143510261e-09,3.63344571755131e-09
11664.3272805449,3.870265441039e-07,3.870265441039e-08,7.740530882078e-09,3.870265441039e-09
11962.2077274033,4.08504698714356e-07,4.08504698714356e-08,8.17009397428712e-09,4.08504698714356e-09
12267.6953648425,4.42568921629097e-07,4.42568921629097e-08,8.85137843258194e-09,4.42568921629097e-09
12580.9844632457,4.76302555793116e-07,4.76302555793116e-08,9.52605111586233e-09,4.76302555793116e-09
12902.2742542207,5.03422813122549e-07,5.03422813122549e-08,1.0068456262451e-08,5.03422813122549e-09
13231.7690572985,5.36778751766439e-07,5.36778751766439e-08,1.07355750353288e-08,5.36778751766439e-09
13569.6784098669,5.69787440908663e-07,5.69787440908663e-08,1.13957488181733e-08,5.69787440908663e-09
13916.2172004234,6.19032953255294e-07,6.19032953255294e-08,1.23806590651059e-08,6.19032953255294e-09
14271.6058052301,6.57244608098086e-07,6.57244608098086e-08,1.31448921619617e-08,6.57244608098086e-09
14636.0702284583,6.96958758725409e-07,6.96958758725409e-08,1.39391751745082e-08,6.96958758725409e-09
15009.8422459132,7.52931323371535e-07,7.52931323371535e-08,1.50586264674307e-08,7.52931323371535e-09
15393.1595524281,8.04716396505942e-07,8.04716396505941e-08,1.60943279301188e-08,8.04716396505941e-09
15786.2659130228,8.67576973166102e-07,8.67576973166102e-08,1.7351539463322e-08,8.67576973166102e-09
16189.4113179224,9.21972468014141e-07,9.2197246801414e-08,1.84394493602828e-08,9.2197246801414e-09
16602.8521415352,9.90444703459276e-07,9.90444703459275e-08,1.98088940691855e-08,9.90444703459276e-09
17026.8513054898,1.06914401153236e-06,1.06914401153236e-07,2.13828802306473e-08,1.06914401153236e-08
17461.6784458368,1.14578723089925e-06,1.14578723089925e-07,2.29157446179851e-08,1.14578723089925e-08
17907.6100845194,1.20954551133566e-06,1.20954551133566e-07,2.41909102267133e-08,1.20954551133566e-08
18364.9298052237,1.32940174174128e-06,1.32940174174128e-07,2.65880348348256e-08,1.32940174174128e-08
18833.9284337197,1.39879572656351e-06,1.39879572656351e-07,2.79759145312703e-08,1.39879572656351e-08
19314.9042228072,1.46744135679933e-06,1.46744135679933e-07,2.93488271359865e-08,1.46744135679933e-08
19808.1630419861,1.61831909585804e-06,1.61831909585804e-07,3.23663819171607e-08,1.61831909585804e-08
20314.0185719687,1.7231098786928e-06,1.7231098786928e-07,3.4462197573856e-08,1.7231098786928e-08
20832.7925041611,1.85718892836928e-06,1.85718892836928e-07,3.71437785673856e-08,1.85718892836928e-08
21364.8147452379,1.9415850997016e-06,1.9415850997016e-07,3.8831701994032e-08,1.9415850997016e-08
21910.4236269411,2.06194725825299e-06,2.06194725825299e-07,4.12389451650598e-08,2.06194725825299e-08
22469.9661212379,2.2249170923764e-06,2.2249170923764e-07,4.44983418475281e-08,2.2249170923764e-08
23043.7980609719,2.37198316389713e-06,2.37198316389713e-07,4.74396632779426e-08,2.37198316389713e-08
23632.2843661501,2.5059247433751e-06,2.5059247433751e-07,5.0118494867502e-08,2.5059247433751e-08
24235.7992760082,2.77164657942378e-06,2.77164657942378e-07,5.54329315884755e-08,2.77164657942378e-08
24854.7265870027,2.95106916772246e-06,2.95106916772246e-07,5.90213833544492e-08,2.95106916772246e-08
25489.4598968807,3.14227406969822e-06,3.14227406969822e-07,6.28454813939645e-08,3.14227406969822e-08
26140.4028549822,3.42762957637154e-06,3.42762957637154e-07,6.85525915274308e-08,3.42762957637154e-08
26807.9694189355,3.59933060635958e-06,3.59933060635958e-07,7.19866121271917e-08,3.59933060635958e-08
27492.5841179074,3.90042321542749e-06,3.90042321542749e-07,7.80084643085498e-08,3.90042321542749e-08
28194.6823225757,4.25442112915442e-06,4.25442112915442e-07,8.50884225830885e-08,4.25442112915442e-08
28914.7105219977,4.46328248218398e-06,4.46328248218398e-07,8.92656496436796e-08,4.46328248218398e-08
29653.1266075477,4.80177554538444e-06,4.80177554538444e-07,9.60355109076889e-08,4.80177554538444e-08
30410.4001641066,5.22814706067072e-06,5.22814706067072e-07,1.04562941213414e-07,5.22814706067072e-08
31187.0127686874,5.62802209280053e-06,5.62802209280053e-07,1.12560441856011e-07,5.62802209280053e-08
31983.4582966871,5.93700356077811e-06,5.9370035607781e-07,1.18740071215562e-07,5.9370035607781e-08
32800.2432359596,6.63874501511684e-06,6.63874501511684e-07,1.32774900302337e-07,6.63874501511684e-08
33637.887008909,7.46197654287243e-06,7.46197654287243e-07,1.49239530857449e-07,7.46197654287243e-08
34496.9223028088,7.64197046099733e-06,7.64197046099733e-07,1.52839409219947e-07,7.64197046099733e-08
35377.8954085565,8.05576058116099e-06,8.05576058116099e-07,1.6111521162322e-07,8.05576058116099e-08
36281.3665680796,9.03962356517453e-06,9.03962356517453e-07,1.80792471303491e-07,9.03962356517453e-08
37207.9103306126,9.81219926147421e-06,9.81219926147421e-07,1.96243985229484e-07,9.81219926147421e-08
38158.1159180739,1.10333891333979e-05,1.10333891333979e-06,2.20667782667957e-07,1.10333891333979e-07
39132.5875997721,1.17170632438076e-05,1.17170632438076e-06,2.34341264876153e-07,1.17170632438076e-07
40131.9450766828,1.21070906988547e-05,1.21070906988547e-06,2.42141813977094e-07,1.21070906988547e-07
41156.8238755381,1.30619541616544e-05,1.30619541616544e-06,2.61239083233089e-07,1.30619541616544e-07
42207.8757529802,1.45400606403564e-05,1.45400606403564e-06,2.90801212807127e-07,1.45400606403564e-07
43285.7691100376,1.61020991652349e-05,1.61020991652349e-06,3.22041983304698e-07,1.61020991652349e-07
44391.1894171833,1.76768200649475e-05,1.76768200649475e-06,3.53536401298949e-07,1.76768200649475e-07
45524.8396502508,1.87794905172332e-05,1.87794905172332e-06,3.75589810344664e-07,1.87794905172332e-07
46687.4407374814,1.89726826688267e-05,1.89726826688267e-06,3.79453653376535e-07,1.89726826688267e-07
47879.7320179868,1.99109850180037e-05,1.99109850180037e-06,3.98219700360074e-07,1.99109850180037e-07
49102.4717119225,2.17458557241874e-05,2.17458557241874e-06,4.34917114483748e-07,2.17458557241874e-07
50356.4374026654,2.52930040002651e-05,2.5293004000265e-06,5.05860080005301e-07,2.5293004000265e-07
51642.4265313073,2.84650419455593e-05,2.84650419455593e-06,5.69300838911187e-07,2.84650419455593e-07
52961.2569037761,2.95527739730818e-05,2.95527739730818e-06,5.91055479461637e-07,2.95527739730818e-07
54313.7672109064,3.20595900059304e-05,3.20595900059304e-06,6.41191800118608e-07,3.20595900059304e-07
55700.8175617942,3.43294510984327e-05,3.43294510984327e-06,6.86589021968654e-07,3.43294510984327e-07
57123.2900307688,3.47846512783054e-05,3.47846512783054e-06,6.95693025566109e-07,3.47846512783054e-07
58582.0892183369,3.49103348589506e-05,3.49103348589506e-06,6.98206697179012e-07,3.49103348589506e-07
60078.1428264489,3.58662709544685e-05,3.58662709544685e-06,7.1732541908937e-07,3.58662709544685e-07
61612.4022484571,4.07156459689282e-05,4.07156459689282e-06,8.14312919378564e-07,4.07156459689282e-07
63185.8431741419,4.77608712017198e-05,4.77608712017198e-06,9.55217424034395e-07,4.77608712017198e-07
64799.4662101855,5.62833139546416e-05,5.62833139546415e-06,1.12566627909283e-06,5.62833139546416e-07
66454.2975164941,5.33469947200856e-05,5.33469947200855e-06,1.06693989440171e-06,5.33469947200855e-07
68151.3894587695,5.89381163158845e-05,5.89381163158845e-06,1.17876232631769e-06,5.89381163158845e-07
69891.8212777445,6.25404741104275e-05,6.25404741104275e-06,1.25080948220855e-06,6.25404741104275e-07
71676.6997755115,6.56832135416455e-05,6.56832135416455e-06,1.31366427083291e-06,6.56832135416455e-07
73507.1600193763,6.56741835007394e-05,6.56741835007393e-06,1.31348367001479e-06,6.56741835007393e-07
75384.3660636875,7.0738787675952e-05,7.07387876759519e-06,1.41477575351904e-06,7.07387876759519e-07
77309.5116901005,8.10620381037303e-05,8.10620381037303e-06,1.62124076207461e-06,8.10620381037303e-07
79283.821166744,8.60587381587705e-05,8.60587381587705e-06,1.72117476317541e-06,8.60587381587705e-07
81308.5500267771,9.13359592474848e-05,9.13359592474847e-06,1.82671918494969e-06,9.13359592474847e-07
83384.9858668261,9.86893913802397e-05,9.86893913802397e-06,1.97378782760479e-06,9.86893913802397e-07
85514.449165813,0.000106105063648718,1.06105063648718e-05,2.12210127297436e-06,1.06105063648718e-06
87698.2941246947,0.000113907721206852,1.13907721206852e-05,2.27815442413704e-06,1.13907721206852e-06
89937.9095276468,0.000122014624981261,1.22014624981261e-05,2.44029249962523e-06,1.22014624981261e-06
92234.7196252416,0.000130298071541721,1.30298071541721e-05,2.60596143083441e-06,1.30298071541721e-06
94590.1850401784,0.000138929761566105,1.38929761566105e-05,2.7785952313221e-06,1.38929761566105e-06
97005.803696145,0.000149859879048521,1.49859879048521e-05,2.99719758097043e-06,1.49859879048521e-06
99483.1117704019,0.000161671383774827,1.61671383774827e-05,3.23342767549654e-06,1.61671383774827e-06
102023.684670689,0.000174250964118979,1.74250964118979e-05,3.48501928237959e-06,1.74250964118979e-06
104629.138037085,0.000195636485504904,1.95636485504904e-05,3.91272971009808e-06,1.95636485504904e-06
107301.128769451,0.000200695213108944,2.00695213108944e-05,4.01390426217888e-06,2.00695213108944e-06
110041.356081108,0.00021387350590174,2.1387350590174e-05,4.27747011803479e-06,2.1387350590174e-06
112851.56257943,0.00022724946656046,2.2724946656046e-05,4.54498933120921e-06,2.2724946656046e-06
115733.535374029,0.000237209447243688,2.37209447243688e-05,4.74418894487376e-06,2.37209447243688e-06
118689.10721324,0.000256277248095671,2.56277248095671e-05,5.12554496191342e-06,2.56277248095671e-06
121720.157649632,0.000274382598544868,2.74382598544868e-05,5.48765197089737e-06,2.74382598544868e-06
124828.614235278,0.00029384807666237,2.9384807666237e-05,5.87696153324739e-06,2.9384807666237e-06
128016.453747561,0.000314122285499439,3.14122285499439e-05,6.28244570998878e-06,3.14122285499439e-06
131285.703446269,0.000335105868957577,3.35105868957577e-05,6.70211737915154e-06,3.35105868957577e-06
134638.442362805,0.000356142056417732,3.56142056417732e-05,7.12284112835464e-06,3.56142056417732e-06
138076.802622315,0.00037753067331215,3.7753067331215e-05,7.55061346624299e-06,3.7753067331215e-06
141602.970799585,0.000400795267932976,4.00795267932976e-05,8.01590535865952e-06,4.00795267932976e-06
145219.189309555,0.000429554162571292,4.29554162571292e-05,8.59108325142585e-06,4.29554162571292e-06
148927.757833357,0.000461454876968126,4.61454876968126e-05,9.22909753936252e-06,4.61454876968126e-06
152731.034780756,0.000495330728019746,4.95330728019746e-05,9.90661456039492e-06,4.95330728019746e-06
156631.438789954,0.00053055009146223,5.3055009146223e-05,1.06110018292446e-05,5.3055009146223e-06
160631.450265682,0.000566515274363613,5.66515274363613e-05,1.13303054872723e-05,5.66515274363614e-06
164733.612956578,0.000603067708121097,6.03067708121097e-05,1.20613541624219e-05,6.03067708121097e-06
168940.535572849,0.000640623272374662,6.40623272374662e-05,1.28124654474932e-05,6.40623272374662e-06
173254.893445238,0.000683599296683768,6.83599296683768e-05,1.36719859336754e-05,6.83599296683768e-06
177679.430226365,0.000730954636353063,7.30954636353062e-05,1.46190927270613e-05,7.30954636353063e-06
182216.95963551,0.000780626872403684,7.80626872403684e-05,1.56125374480737e-05,7.80626872403684e-06
186870.367247961,0.000831786365574274,8.31786365574274e-05,1.66357273114855e-05,8.31786365574274e-06
191642.612330047,0.000883665242975317,8.83665242975317e-05,1.76733048595063e-05,8.83665242975317e-06
196536.729721043,0.000936085451695954,9.36085451695954e-05,1.87217090339191e-05,9.36085451695954e-06
201555.831763133,0.000988465955808815,9.88465955808815e-05,1.97693191161763e-05,9.88465955808815e-06
206703.110280657,0.00104069489635603,0.000104069489635603,2.08138979271205e-05,1.04069489635603e-05
211981.838609905,0.00109822484293505,0.000109822484293505,2.1964496858701e-05,1.09822484293505e-05
217395.373680744,0.00116687431312288,0.000116687431312288,2.33374862624575e-05,1.16687431312288e-05
222947.158151417,0.00124159157629091,0.000124159157629091,2.48318315258182e-05,1.24159157629091e-05
228640.72259784,0.00131995260150303,0.000131995260150303,2.63990520300606e-05,1.31995260150303e-05
234479.687758829,0.00140070461104341,0.000140070461104341,2.80140922208681e-05,1.40070461104341e-05
240467.76683865,0.0014828768842276,0.00014828768842276,2.96575376845519e-05,1.4828768842276e-05
246608.767868381,0.00156585233972162,0.000156585233972162,3.13170467944324e-05,1.56585233972162e-05
252906.596127568,0.00164880385683284,0.000164880385683284,3.29760771366568e-05,1.64880385683284e-05
259365.256627739,0.0017313932206029,0.00017313932206029,3.46278644120579e-05,1.7313932206029e-05
265988.856659322,0.00181396381156483,0.000181396381156483,3.62792762312965e-05,1.81396381156483e-05
272781.608403625,0.0019106642141385,0.00019106642141385,3.821328428277e-05,1.9106642141385e-05
279747.831611504,0.00202563230676715,0.000202563230676715,4.0512646135343e-05,2.02563230676715e-05
286891.95635045,0.00215056313516583,0.000215056313516583,4.30112627033166e-05,2.15056313516583e-05
294218.525821824,0.00228188735268854,0.000228188735268854,4.56377470537708e-05,2.28188735268854e-05
301732.199250038,0.00241704465955845,0.000241704465955845,4.83408931911689e-05,2.41704465955845e-05
309437.754845522,0.00255477119124652,0.000255477119124652,5.10954238249304e-05,2.55477119124652e-05
317340.092843359,0.0026937759360931,0.000269377593609309,5.38755187218619e-05,2.6937759360931e-05
325444.238619509,0.00283303577740603,0.000283303577740603,5.66607155481206e-05,2.83303577740603e-05
333755.345886635,0.00297822267444932,0.000297822267444932,5.95644534889864e-05,2.97822267444932e-05
342278.699971523,0.00314998335645365,0.000314998335645364,6.29996671290729e-05,3.14998335645365e-05
351019.721176207,0.00333994571353051,0.000333994571353051,6.67989142706102e-05,3.33994571353051e-05
359983.968224941,0.00354008799057032,0.000354008799057032,7.08017598114064e-05,3.54008799057032e-05
369177.141799173,0.00374668588242106,0.000374668588242106,7.49337176484212e-05,3.74668588242106e-05
378605.088162824,0.00395731533637791,0.000395731533637791,7.91463067275582e-05,3.95731533637791e-05
388273.802880123,0.00416988843606106,0.000416988843606106,8.33977687212211e-05,4.16988843606106e-05
398189.434628407,0.00438288799722797,0.000438288799722797,8.76577599445594e-05,4.38288799722797e-05
408358.289108275,0.0045949481727672,0.00045949481727672,9.18989634553439e-05,4.5949481727672e-05
418786.833053606,0.00480494104348102,0.000480494104348102,9.60988208696204e-05,4.80494104348102e-05
429481.698343995,0.00501205660477848,0.000501205660477848,0.00010024113209557,5.01205660477848e-05
440449.686222182,0.00522847609146285,0.000522847609146285,0.000104569521829257,5.22847609146285e-05
451697.771619213,0.00549699808447576,0.000549699808447576,0.000109939961689515,5.49699808447576e-05
463233.10759005,0.00580084815669276,0.000580084815669276,0.000116016963133855,5.80084815669276e-05
475063.029862437,0.00612454178995354,0.000612454178995353,0.000122490835799071,6.12454178995353e-05
487195.061501961,0.00646115247276443,0.000646115247276443,0.000129223049455289,6.46115247276443e-05
499636.917696228,0.00680599515675709,0.000680599515675709,0.000136119903135142,6.80599515675709e-05
512396.510661228,0.00715554228847172,0.000715554228847171,0.000143110845769434,7.15554228847171e-05
525481.954672992,0.00750690706071722,0.000750690706071722,0.000150138141214344,7.50690706071722e-05
538901.571227742,0.00785769906251866,0.000785769906251865,0.000157153981250373,7.85769906251866e-05
552663.894333829,0.00820580844010783,0.000820580844010782,0.000164116168802157,8.20580844010783e-05
566777.675938814,0.00854971295606407,0.000854971295606407,0.000170994259121281,8.54971295606407e-05
581251.891495128,0.00888769233285061,0.000888769233285061,0.000177753846657012,8.88769233285061e-05
596095.745667898,0.00921850353518212,0.000921850353518211,0.000184370070703642,9.21850353518211e-05
611318.6781885,0.00954503774673832,0.000954503774673831,0.000190900754934766,9.54503774673831e-05
626930.369857628,0.00993154462066439,0.000993154462066438,0.000198630892413288,9.93154462066439e-05
642940.748701661,0.0103948104017418,0.00103948104017418,0.000207896208034836,0.000103948104017418
659359.996286231,0.0108973318540374,0.00108973318540374,0.000217946637080749,0.000108973318540374
676198.554191057,0.0114244267013468,0.00114244267013468,0.000228488534026935,0.000114244267013468
693467.130650104,0.011967292842223,0.0011967292842223,0.000239345856844459,0.00011967292842223
711176.70736133,0.0125195236043386,0.00125195236043386,0.000250390472086771,0.000125195236043386
729338.54647034,0.0130760694424103,0.00130760694424103,0.000261521388848206,0.000130760694424103
747964.197732371,0.0136328154187635,0.00136328154187635,0.000272656308375269,0.000136328154187635
767065.505857207,0.0141862570672858,0.00141862570672858,0.000283725141345717,0.000141862570672858
786654.618041631,0.0147334244525928,0.00147334244525928,0.000294668489051856,0.000147334244525928
806743.991694262,0.0152767815712399,0.00152767815712399,0.000305535631424798,0.000152767815712399
827346.402357674,0.015892811123258,0.0015892811123258,0.000317856222465161,0.00015892811123258
848474.951832795,0.0165995741098777,0.00165995741098777,0.000331991482197555,0.000165995741098777
870143.076510818,0.0173514708697039,0.00173514708697039,0.000347029417394077,0.000173514708697039
892364.555917873,0.0181303952388023,0.00181303952388023,0.000362607904776046,0.000181303952388023
915153.521477916,0.0189251580684493,0.00189251580684493,0.000378503161368986,0.000189251580684493
938524.465499402,0.0197276058694201,0.00197276058694201,0.000394552117388402,0.000197276058694201
962492.250391444,0.020531246994419,0.0020531246994419,0.00041062493988838,0.00020531246994419
987072.118115369,0.0213307363399418,0.00213307363399417,0.000426614726798835,0.000213307363399418
1012279.69987759,0.0221215772604374,0.00221215772604374,0.000442431545208749,0.000221215772604374
1038131.02607007,0.0228999231013124,0.00228999231013124,0.000457998462026249,0.000228999231013124
1064642.5364646,0.0236708734144456,0.00236708734144455,0.000473417468288911,0.000236708734144455
1091831.09066742,0.0245581091523253,0.00245581091523253,0.000491162183046506,0.000245581091523253
1119713.97884087,0.0255892375899974,0.00255892375899974,0.000511784751799947,0.000255892375899974
1148308.93269878,0.0266923070690007,0.00266923070690007,0.000533846141380013,0.000266923070690007
1177634.13678271,0.0278389703625682,0.00278389703625682,0.000556779407251364,0.000278389703625682
1207708.24002617,0.0290119030351637,0.00290119030351637,0.000580238060703275,0.000290119030351637
1238550.36761407,0.0301984288479767,0.00301984288479767,0.000603968576959534,0.000301984288479767
1270180.13314515,0.0313888695983227,0.00313888695983227,0.000627777391966454,0.000313888695983227
1302617.65110498,0.0326556336216022,0.00326556336216022,0.000653112672432045,0.000326556336216022
1335883.54965739,0.0340956067482509,0.00340956067482509,0.000681912134965018,0.000340956067482509
1369998.98376275,0.0356293293555328,0.00356293293555328,0.000712586587110656,0.000356293293555328
1404985.64863107,0.037216063860437,0.0037216063860437,0.00074432127720874,0.00037216063860437
1440865.7935188,0.038833195064058,0.0038833195064058,0.00077666390128116,0.00038833195064058
1477662.23587791,0.0404643397392104,0.00404643397392104,0.000809286794784208,0.000404643397392104
1515398.37586631,0.0420965562256382,0.00420965562256382,0.000841931124512764,0.000420965562256382
1554098.21122882,0.0437192110546032,0.00437192110546032,0.000874384221092063,0.000437192110546032
1593786.35255822,0.0453232827857464,0.00453232827857464,0.000906465655714928,0.000453232827857464
1634488.03894597,0.0469103596284088,0.00469103596284088,0.000938207192568176,0.000469103596284088
1676229.15403266,0.0487086124738376,0.00487086124738376,0.000974172249476752,0.000487086124738376
1719036.24246828,0.0508210018255806,0.00508210018255806,0.00101642003651161,0.000508210018255806
1762936.52679298,0.053092618038035,0.0053092618038035,0.0010618523607607,0.00053092618038035
1807957.92474878,0.0554607215088494,0.00554607215088494,0.00110921443017699,0.000554607215088494
1854129.06703347,0.0579056208018989,0.00579056208018989,0.00115811241603798,0.000579056208018989
1901479.31550793,0.0606456239946137,0.00606456239946137,0.00121291247989227,0.000606456239946137
1950038.78186826,0.0637096627828539,0.00637096627828539,0.00127419325565708,0.000637096627828539
1999838.34679498,0.0670355492510494,0.00670355492510494,0.00134071098502099,0.000670355492510494
2050909.67959113,0.0707209353459227,0.00707209353459227,0.00141441870691845,0.000707209353459227
2103285.25832183,0.0746316565414508,0.00746316565414508,0.00149263313082902,0.000746316565414508
2156998.3904683,0.078681257862648,0.00786812578626479,0.00157362515725296,0.00078681257862648
2212083.23410924,0.0828192731026149,0.00828192731026149,0.0016563854620523,0.000828192731026149
2268574.81964315,0.0873828315127663,0.00873828315127663,0.00174765663025533,0.000873828315127663
2326509.07206542,0.0927952928598676,0.00927952928598675,0.00185590585719735,0.000927952928598676
2385922.83381427,0.0986937431853747,0.00986937431853747,0.00197387486370749,0.000986937431853747
2446853.88820021,0.104896427390422,0.0104896427390422,0.00209792854780844,0.00104896427390422
2509340.98343373,0.111301083879934,0.0111301083879934,0.00222602167759867,0.00111301083879934
2573423.85726667,0.117833405767208,0.0117833405767208,0.00235666811534416,0.00117833405767208
2639143.2622629,0.124434379275692,0.0124434379275692,0.00248868758551385,0.00124434379275692
2706540.99171425,0.131055110976763,0.0131055110976763,0.00262110221953526,0.00131055110976763
2775659.90621841,0.13765408146452,0.013765408146452,0.00275308162929039,0.0013765408146452
2846543.96093542,0.144285282313992,0.0144285282313992,0.00288570564627984,0.00144285282313992
2919238.23354039,0.152991251544486,0.0152991251544486,0.00305982503088973,0.00152991251544486
2993788.95288994,0.164619749825495,0.0164619749825495,0.00329239499650991,0.00164619749825495
3070243.52842075,0.177854174161097,0.0177854174161097,0.00355708348322194,0.00177854174161097
3148650.58029896,0.192172387862833,0.0192172387862833,0.00384344775725667,0.00192172387862833
3229059.97033938,0.207266563544677,0.0207266563544677,0.00414533127089353,0.00207266563544677
3311522.83371441,0.222965087292834,0.0222965087292834,0.00445930174585668,0.00222965087292834
3396091.61147273,0.241534424643134,0.0241534424643134,0.00483068849286268,0.00241534424643134
3482820.08388836,0.26460544437913,0.026460544437913,0.0052921088875826,0.0026460544437913
3571763.40466147,0.290254384929632,0.0290254384929632,0.00580508769859263,0.00290254384929632
3662978.13599258,0.317635674204274,0.0317635674204274,0.00635271348408549,0.00317635674204274
3756522.28455243,0.346247770128834,0.0346247770128834,0.00692495540257668,0.00346247770128834
3852455.3383705,0.375721024317063,0.0375721024317063,0.00751442048634125,0.00375721024317063
3950838.3046655,0.405760245541961,0.0405760245541961,0.00811520491083922,0.00405760245541961
4051733.74864211,0.437980058790897,0.0437980058790896,0.00875960117581793,0.00437980058790897
4155205.83327831,0.476927710541294,0.0476927710541293,0.00953855421082587,0.00476927710541294
4261320.3601289,0.520291173249205,0.0520291173249205,0.0104058234649841,0.00520291173249205
4370144.81117112,0.566314652986993,0.0566314652986993,0.0113262930597399,0.00566314652986993
4481748.3917187,0.614139188927861,0.0614139188927861,0.0122827837785572,0.00614139188927861
4596202.07443204,0.663161711070901,0.0663161711070901,0.013263234221418,0.00663161711070901
4713578.64445224,0.712910765146018,0.0712910765146018,0.0142582153029204,0.00712910765146018
4833952.74568767,0.764297975012341,0.0764297975012341,0.0152859595002468,0.00764297975012341
4957400.92828279,0.827274538100516,0.0827274538100515,0.0165454907620103,0.00827274538100515
5084001.69729895,0.901227523936298,0.0901227523936298,0.018024550478726,0.00901227523936298
5213835.56263863,0.981290687572768,0.0981290687572767,0.0196258137514553,0.00981290687572767
5346985.09024453,1.06548176712596,0.106548176712596,0.0213096353425192,0.0106548176712596
5483534.95460607,1.15250657373981,0.115250657373981,0.0230501314747961,0.0115250657373981
5623571.99260708,1.24139018707272,0.124139018707272,0.0248278037414545,0.0124139018707272
5767185.25874821,1.33134504271266,0.133134504271266,0.0266269008542532,0.0133134504271266
5914466.08178003,1.42171309672413,0.142171309672413,0.0284342619344826,0.0142171309672413
6065508.12278209,1.51193317273624,0.151193317273624,0.0302386634547248,0.0151193317273624
6220407.43472537,1.60677650734075,0.160677650734075,0.032135530146815,0.0160677650734075
6379262.52355572,1.72455747452864,0.172455747452864,0.0344911494905728,0.0172455747452864
6542174.41083733,1.85870528894099,0.185870528894099,0.0371741057788198,0.0185870528894099
6709246.69799581,2.0022368485981,0.20022368485981,0.0400447369719621,0.020022368485981
6880585.63220214,2.15204691951327,0.215204691951327,0.0430409383902653,0.0215204691951327
7056300.17393883,2.30603687439444,0.230603687439444,0.0461207374878889,0.0230603687439444
7236502.06629192,2.46261462343689,0.246261462343688,0.0492522924687377,0.0246261462343689
7421305.90601221,2.62234101332015,0.262234101332015,0.052446820266403,0.0262234101332015
7610829.21639145,2.80606773354974,0.280606773354974,0.0561213546709948,0.0280606773354974
7805192.52199958,3.01569337928467,0.301569337928467,0.0603138675856935,0.0301569337928467
8004519.42533047,3.23922766067277,0.323922766067277,0.0647845532134554,0.0323922766067277
8208936.68540522,3.47171986420431,0.347171986420431,0.0694343972840862,0.0347171986420431
8418574.29838266,3.70998945630824,0.370998945630824,0.0741997891261649,0.0370998945630824
8633565.5802284,3.95163762605829,0.395163762605829,0.0790327525211657,0.0395163762605829
8854047.25149541,4.19472819820533,0.419472819820533,0.0838945639641066,0.0419472819820533
9080159.52426914,4.43764415840494,0.443764415840494,0.0887528831680988,0.0443764415840494
9312046.19133364,4.67900653906659,0.467900653906659,0.0935801307813318,0.0467900653906659
9549854.71761422,4.9176324221333,0.491763242213329,0.0983526484426659,0.049176324221333
9793736.33395571,5.15249678538035,0.515249678538035,0.103049935707607,0.0515249678538035
10043846.1332956,5.38381227689841,0.538381227689841,0.107676245537968,0.0538381227689841
10300343.169293,5.65173176858448,0.565173176858448,0.11303463537169,0.0565173176858448
10563390.5574764,5.98117029785397,0.598117029785396,0.119623405957079,0.0598117029785396
10833155.5789749,6.34290733968994,0.634290733968994,0.126858146793799,0.0634290733968994
11109809.7868977,6.72495046858515,0.672495046858514,0.134499009371703,0.0672495046858514
11393529.1154313,7.12042162960584,0.712042162960584,0.142408432592117,0.0712042162960584
11684493.9917221,7.52440190627316,0.752440190627316,0.150488038125463,0.0752440190627316
11982889.4506161,7.93303699803534,0.793303699803534,0.158660739960707,0.0793303699803534
12288905.2523296,8.34316918101646,0.834316918101646,0.166863383620329,0.0834316918101646
12602736.003124,8.75214062877293,0.875214062877293,0.175042812575459,0.0875214062877293
12924581.2790629,9.15768457527213,0.915768457527213,0.183153691505443,0.0915768457527213
13254645.7529299,9.55784704097369,0.955784704097369,0.191156940819474,0.0955784704097369
13593139.3243866,9.95100915791157,0.995100915791157,0.199020183158231,0.0995100915791157
13940277.2534561,10.3810713015147,1.03810713015147,0.207621426030293,0.103810713015147
14296280.2974135,10.9151603499043,1.09151603499043,0.218303206998086,0.109151603499043
14661374.851174,11.5082998826957,1.15082998826957,0.230165997653914,0.115082998826957
15035793.0912649,12.1366505057961,1.21366505057961,0.242733010115921,0.121366505057961
15419773.1234753,12.7879973014157,1.27879973014157,0.255759946028314,0.127879973014157
15813559.1342758,13.4538423514903,1.34538423514903,0.269076847029807,0.134538423514903
16217401.5461049,14.1276113402492,1.41276113402492,0.282552226804983,0.141276113402492
16631557.1766223,14.8039617206352,1.48039617206352,0.296079234412704,0.148039617206352
17056289.4020278,15.478409544033,1.5478409544033,0.309568190880659,0.15478409544033
17491868.3245514,16.147141966482,1.6147141966482,0.322942839329641,0.16147141966482
17938570.9442212,16.8070210061684,1.68070210061684,0.336140420123368,0.168070210061684
18396681.3350174,17.5277255201888,1.75277255201888,0.350554510403776,0.175277255201888
18866490.8255251,18.4128960257223,1.84128960257223,0.368257920514447,0.184128960257223
19348298.1841999,19.3910254465879,1.93910254465879,0.387820508931758,0.193910254465879
19842409.8093659,20.4246407696109,2.04246407696109,0.408492815392219,0.204246407696109
20349139.9240653,21.4942999022732,2.14942999022732,0.429885998045465,0.214942999022732
20868810.7758833,22.5863936782506,2.25863936782506,0.451727873565013,0.225863936782506
21401752.8418772,23.6903731567473,2.36903731567473,0.473807463134946,0.236903731567473
21948305.0387386,24.7976282353512,2.47976282353512,0.495952564707024,0.247976282353512
22508814.9383218,25.9009441579275,2.59009441579274,0.518018883158549,0.259009441579275
23083638.9886777,26.9941637917486,2.69941637917486,0.539883275834972,0.269941637917486
23673142.7407316,28.072009384817,2.8072009384817,0.561440187696341,0.28072009384817
24277701.0807496,29.1299162377431,2.91299162377431,0.582598324754861,0.291299162377431
24897698.4687421,30.2247994100849,3.02247994100849,0.604495988201699,0.30224799410085
25533529.1829561,31.54264173537,3.154264173537,0.630852834707401,0.3154264173537
26185597.5706099,33.0088050402483,3.30088050402483,0.660176100804965,0.330088050402483
26854318.3050321,34.5552708291071,3.4555270829107,0.691105416582141,0.34555270829107
27540116.6493673,36.1514611584894,3.61514611584894,0.723029223169789,0.361514611584894
28243428.7270153,37.7767823561367,3.77767823561367,0.755535647122734,0.377767823561367
28964701.7989779,39.4155705613141,3.94155705613141,0.788311411226282,0.394155705613141
29704394.5482881,41.0551946984347,4.10551946984347,0.821103893968694,0.410551946984347
30462977.3717023,42.6851160408294,4.26851160408294,0.853702320816587,0.426851160408294
31240932.6788424,44.2964288685096,4.42964288685096,0.885928577370191,0.442964288685096
32038755.1989777,45.8815333020851,4.58815333020851,0.917630666041702,0.458815333020851
32856952.2956398,47.4339170310994,4.74339170310994,0.948678340621988,0.474339170310994
33696044.2892737,48.9905761033012,4.89905761033011,0.979811522066023,0.489905761033011
34556564.7881276,50.8210484381545,5.08210484381545,1.01642096876309,0.508210484381545
35439061.0275933,52.890032753511,5.2890032753511,1.05780065507022,0.52890032753511
36344094.2182129,55.0788869004417,5.50788869004417,1.10157773800883,0.550788869004417
37272239.9025716,57.3396315605918,5.73396315605918,1.14679263121184,0.573396315605918
38224088.3213063,59.6413996715756,5.96413996715756,1.19282799343151,0.596413996715756
39200244.7884604,61.9611418956563,6.19611418956563,1.23922283791313,0.619611418956563
40201330.076424,64.2804987442665,6.42804987442665,1.28560997488533,0.642804987442665
41227980.8107051,66.5843315625558,6.65843315625558,1.33168663125112,0.665843315625558
42280849.8747828,68.8598381625779,6.88598381625779,1.37719676325156,0.688598381625779
43360606.825298,71.0961569067247,7.10961569067246,1.42192313813449,0.710961569067246
44467938.3178492,73.2839449902146,7.32839449902146,1.46567889980429,0.732839449902146
45603548.5436602,75.4374232518917,7.54374232518916,1.50874846503783,0.754374232518917
46768159.6774006,77.887015999766,7.78870159997659,1.55774031999532,0.77887015999766
47962512.3364421,80.7079721939377,8.07079721939377,1.61415944387875,0.807079721939377
49187366.0518433,83.7087771344416,8.37087771344416,1.67417554268883,0.837087771344416
50443499.7513623,86.8142139860938,8.68142139860938,1.73628427972188,0.868142139860938
51731712.2548042,89.9786184944564,8.99786184944564,1.79957236988913,0.899786184944564
53052822.7820195,93.1686918675669,9.31686918675669,1.86337383735134,0.931686918675669
54407671.4738739,96.3582084905279,9.63582084905278,1.92716416981056,0.963582084905279
55797119.9265243,99.5257337862939,9.95257337862938,1.99051467572588,0.995257337862939
57222051.7393386,102.653099296342,10.2653099296342,2.05306198592685,1.02653099296342
58683373.0768065,105.725095606713,10.5725095606713,2.11450191213426,1.05725095606713
60182013.2448026,108.728595424394,10.8728595424394,2.17457190848788,1.08728595424394
61718925.2815645,111.658502032919,11.1658502032919,2.23317004065839,1.11658502032919
63295086.5637635,114.864401220585,11.4864401220585,2.2972880244117,1.14864401220585
64911499.4280529,118.631080725806,11.8631080725806,2.37262161451612,1.18631080725806
66569191.8084895,122.675910224073,12.2675910224073,2.45351820448145,1.22675910224073
68269217.8902328,126.877458271179,12.6877458271179,2.53754916542357,1.26877458271179
70012658.7799388,131.167604226059,13.1167604226059,2.62335208452119,1.31167604226059
71800623.1932744,135.498512477847,13.5498512477847,2.70997024955695,1.35498512477847
73634248.1599877,139.832431405359,13.9832431405359,2.79664862810719,1.39832431405359
75514699.7469871,144.13835169237,14.413835169237,2.8827670338474,1.4413835169237
77443173.7998825,148.391383265787,14.8391383265787,2.96782766531574,1.48391383265787
79420896.7034672,152.569753582885,15.2569753582885,3.0513950716577,1.52569753582885
81449126.1616189,156.655077926821,15.6655077926821,3.13310155853642,1.56655077926821
83529151.997118,160.631733267003,16.0631733267003,3.21263466534006,1.60631733267003
85662296.9718913,164.852186614976,16.4852186614976,3.29704373229953,1.64852186614976
87849917.6282033,169.988352994312,16.9988352994312,3.39976705988625,1.69988352994312
90093405.1513296,175.648282272822,17.5648282272822,3.51296564545645,1.75648282272822
92394186.2542598,181.598090751346,18.1598090751345,3.63196181502691,1.81598090751346
94753724.0849964,187.722987541586,18.7722987541586,3.75445975083171,1.87722987541586
97173519.1570203,193.944104487649,19.3944104487648,3.87888208975297,1.93944104487648
99655110.3035218,200.200979644433,20.0200979644433,4.00401959288867,2.00200979644433
102200075.655999,206.444800791425,20.6444800791425,4.12889601582851,2.06444800791425
104810033.647845,212.63495105706,21.263495105706,4.25269902114121,2.1263495105706
107486644.043572,218.737066370433,21.8737066370433,4.37474132740866,2.18737066370433
110231608.994308,224.721900116162,22.4721900116162,4.49443800232324,2.24721900116162
113046674.120259,230.959380318327,23.0959380318327,4.61918760636654,2.30959380318327
115933629.62081,238.144415365935,23.8144415365935,4.7628883073187,2.38144415365935
118894311.412976,245.849966237026,24.5849966237026,4.91699932474052,2.45849966237026
121930602.298922,253.823523401638,25.3823523401638,5.07647046803277,2.53823523401638
125044433.163313,261.93767502678,26.193767502678,5.2387535005356,2.6193767502678
128237784.201223,270.103905851564,27.0103905851564,5.40207811703128,2.70103905851564
131512686.177413,278.253776409262,27.8253776409262,5.56507552818523,2.78253776409262
134871221.717771,286.331853801082,28.6331853801082,5.72663707602164,2.86331853801082
138315526.633721,294.291967841073,29.4291967841073,5.88583935682146,2.94291967841073
141847791.280464,302.095178281088,30.2095178281088,6.04190356562175,3.02095178281088
145470261.949902,309.708494514009,30.9708494514009,6.19416989028018,3.09708494514009
149185242.299135,317.715163468712,31.7715163468712,6.35430326937424,3.17715163468712
152995094.815436,327.167733567405,32.7167733567405,6.54335467134811,3.27167733567405
156902242.318643,337.419838944399,33.7419838944399,6.74839677888799,3.37419838944399
160909169.501912,348.098056200336,34.8098056200336,6.96196112400671,3.48098056200336
165018424.511825,359.015633896934,35.9015633896934,7.18031267793869,3.59015633896934
169232620.568844,370.043354370251,37.0043354370251,7.40086708740502,3.70043354370251
173554437.629151,381.081907418791,38.1081907418791,7.62163814837582,3.81081907418791
177986624.088927,392.051059406485,39.2051059406485,7.84102118812971,3.92051059406485
182531998.532155,402.884020554212,40.2884020554211,8.05768041108423,4.02884020554211
187193451.523053,413.524380297704,41.3524380297703,8.27048760595407,4.13524380297704
191973947.444293,423.924185905601,42.39241859056,8.47848371811201,4.23924185905601
196876526.382151,434.042574557366,43.4042574557366,8.68085149114731,4.34042574557366
201904306.059806,444.407238905353,44.4407238905353,8.88814477810705,4.44407238905353
207060483.820014,457.0595954706,45.70595954706,9.141191909412,4.570595954706
212348338.658407,471.312539409543,47.1312539409543,9.42625078819086,4.71312539409543
217771233.308723,486.403268688385,48.6403268688385,9.72806537376771,4.86403268688385
223332616.38129,502.00173985036,50.200173985036,10.0400347970072,5.0200173985036
229036024.556117,517.889022736572,51.7889022736572,10.3577804547314,5.17889022736572
234885084.831993,533.900210190842,53.3900210190842,10.6780042038168,5.33900210190842
240883516.833024,549.903169833275,54.9903169833275,10.9980633966655,5.49903169833275
247035135.174078,565.788544974916,56.5788544974916,11.3157708994983,5.65788544974916
253343851.886624,581.463672103909,58.1463672103909,11.6292734420782,5.81463672103909
259813678.90654,596.850335588017,59.6850335588017,11.9370067117603,5.96850335588017
266448730.625441,611.881186107843,61.1881186107843,12.2376237221569,6.11881186107843
273253226.507166,626.836042286814,62.6836042286814,12.5367208457363,6.26836042286814
280231493.771084,644.270768291741,64.4270768291741,12.8854153658348,6.44270768291741
287387970.143928,664.033860919557,66.4033860919557,13.2806772183911,6.64033860919557
294727206.681896,684.930286950604,68.4930286950603,13.6986057390121,6.84930286950603
302253870.664839,706.48282649774,70.648282649774,14.1296565299548,7.0648282649774
309972748.564337,728.388737974668,72.8388737974668,14.5677747594934,7.28388737974668
317888749.087598,750.422971145667,75.0422971145667,15.0084594229133,7.50422971145667
326006906.299066,772.40702331948,77.240702331948,15.4481404663896,7.7240702331948
334332382.821768,794.193807014333,79.4193807014333,15.8838761402867,7.94193807014333
342870473.120407,815.659752061374,81.5659752061374,16.3131950412275,8.15659752061374
351626606.868303,836.69987307166,83.669987307166,16.7339974614332,8.3669987307166
360606352.4003,857.224868211624,85.7224868211624,17.1444973642325,8.57224868211624
369815420.253885,877.304141000161,87.7304141000161,17.5460828200032,8.77304141000161
379259666.800715,899.721413753261,89.9721413753261,17.9944282750652,8.99721413753261
388945097.970877,925.41479996302,92.5414799963019,18.5082959992604,9.2541479996302
398877873.072291,952.641811860381,95.264181186038,19.0528362372076,9.5264181186038
409064308.707622,980.71167694574,98.0711676945739,19.6142335389148,9.80711676945739
419510882.79123,1009.21170795918,100.921170795918,20.1842341591837,10.0921170795918
430224238.668703,1037.8431210168,103.78431210168,20.756862420336,10.378431210168
441211189.341607,1066.37159143903,106.637159143903,21.3274318287806,10.6637159143903
452478721.800099,1094.60564656185,109.460564656185,21.892112931237,10.9460564656185
464034001.466208,1122.38746415758,112.238746415758,22.4477492831517,11.2238746415758
475884376.750585,1149.57499511928,114.957499511928,22.9914999023856,11.4957499511928
488037383.725606,1176.22148954689,117.622148954689,23.5244297909378,11.7622148954689
500500750.917838,1205.24276361838,120.524276361838,24.1048552723676,12.0524276361838
513282404.22287,1237.55177578045,123.755177578045,24.751035515609,12.3755177578045
526390471.945686,1271.30442849787,127.130442849787,25.4260885699573,12.7130442849787
539833289.969725,1305.76091242943,130.576091242943,26.1152182485886,13.0576091242943
553619407.05797,1340.47387953313,134.047387953313,26.8094775906627,13.4047387953313
567757590.289418,1375.11769379018,137.511769379018,27.5023538758037,13.7511769379018
582256830.634359,1409.43498136617,140.943498136617,28.1886996273233,14.0943498136617
597126348.67206,1443.21714488352,144.321714488351,28.8643428976703,14.4321714488352
612375600.454459,1476.28948036362,147.628948036362,29.5257896072724,14.7628948036362
628014283.519607,1508.504758444,150.8504758444,30.1700951688799,15.08504758444
644052343.05865,1539.73889971815,153.973889971815,30.794777994363,15.3973889971815
660499978.240362,1569.92150732849,156.992150732849,31.3984301465698,15.6992150732849
677367648.697141,1602.0938018967,160.20938018967,32.041876037934,16.020938018967
694666081.176642,1639.22914388805,163.922914388804,32.7845828777609,16.3922914388805
712406276.363328,1678.6988688251,167.86988688251,33.573977376502,16.786988688251
730599515.874174,1719.33339459236,171.933339459236,34.3866678918471,17.1933339459236
749257369.433045,1760.4879778619,176.04879778619,35.2097595572381,17.604879778619
768391702.228294,1801.71547667739,180.171547667739,36.0343095335479,18.0171547667739
788014682.458267,1842.66863834774,184.266863834774,36.8533727669547,18.4266863834774
808138789.069468,1883.068365232,188.3068365232,37.6613673046399,18.83068365232
828776819.692387,1922.6826811867,192.26826811867,38.4536536237339,19.226826811867
849941898.779943,1961.31716388317,196.131716388317,39.2263432776633,19.6131716388317
871647485.953796,1998.85433138976,199.885433138976,39.9770866277951,19.9885433138976
893907384.563809,2039.03940314885,203.903940314885,40.7807880629771,20.3903940314885
916735750.466058,2085.41388745025,208.541388745025,41.7082777490049,20.8541388745025
940147101.025074,2134.72829189828,213.472829189828,42.6945658379657,21.3472829189828
964156324.345916,2185.54258727924,218.554258727924,43.7108517455848,21.8554258727924
988778688.742062,2237.0569116448,223.70569116448,44.7411382328961,22.370569116448
1014029852.44508,2288.70351102627,228.870351102627,45.7740702205253,22.8870351102627
1039925873.56221,2340.04447258296,234.004447258296,46.8008894516593,23.4004447258296
1066483220.28832,2390.72524366785,239.072524366785,47.814504873357,23.9072524366785
1093718781.37861,2440.4499766946,244.04499766946,48.8089995338921,24.404499766946
1121649876.88876,2488.97087108025,248.897087108024,49.7794174216049,24.8897087108024
1150294269.18934,2536.07821854081,253.607821854081,50.7215643708163,25.3607821854081
1179670174.26158,2581.5945047614,258.159450476139,51.6318900952279,25.815945047614
1209796273.28151,2625.37050826307,262.537050826307,52.5074101652613,26.2537050826307
1240691724.50001,2668.83130599459,266.883130599459,53.3766261198919,26.6883130599459
1272376175.42621,2718.80823199324,271.880823199324,54.3761646398648,27.1880823199324
1304869775.32203,2773.48626453212,277.348626453212,55.4697252906423,27.7348626453212
1338193188.01582,2830.18540238783,283.018540238783,56.6037080477566,28.3018540238783
1372367605.04318,2887.78669794391,288.778669794391,57.7557339588782,28.8778669794391
1407414759.12348,2945.56013182825,294.556013182825,58.911202636565,29.4556013182825
1443356937.98038,3002.96291668649,300.296291668649,60.0592583337297,30.0296291668649
1480216998.51546,3059.56564042495,305.956564042495,61.191312808499,30.5956564042495
1518018381.34365,3115.01655794301,311.501655794301,62.3003311588602,31.1501655794301
1556785125.70001,3169.02431396077,316.902431396077,63.3804862792153,31.6902431396077
1596541884.72713,3221.34388783498,322.134388783498,64.4268777566997,32.2134388783498
1637313941.15287,3273.90509666496,327.390509666496,65.4781019332992,32.7390509666496
1679127223.36861,3335.83688074377,333.583688074377,66.7167376148754,33.3583688074377
1722008321.91798,3404.581962105,340.4581962105,68.0916392421,34.04581962105
1765984506.40676,3476.54464054571,347.654464054571,69.5308928109142,34.7654464054571
1811083742.84458,3550.20177770142,355.020177770142,71.0040355540284,35.5020177770142
1857334711.42949,3624.53404488277,362.453404488277,72.4906808976553,36.2453404488277
1904766824.78669,3698.84117460808,369.884117460808,73.9768234921615,36.9884117460808
1953410246.67307,3772.47398417086,377.247398417086,75.4494796834171,37.7247398417086
2003295911.15948,3844.95655424939,384.495655424939,76.8991310849878,38.4495655424939
2054455542.30264,3915.87757763654,391.587757763654,78.3175515527307,39.1587757763654
2106921674.31974,3984.88772729815,398.488772729815,79.697754545963,39.8488772729815
2160727672.27805,4051.69258309503,405.169258309503,81.0338516619007,40.5169258309503
2215907753.31291,4116.04261160477,411.604261160477,82.3208522320954,41.1604261160477
2272497008.38763,4178.03692944874,417.803692944874,83.5607385889747,41.7803692944874
2330531424.60913,4245.91522799158,424.591522799158,84.9183045598316,42.4591522799158
2390047908.11333,4323.674405759,432.3674405759,86.4734881151801,43.23674405759
2451084307.53511,4405.72360004734,440.572360004734,88.1144720009468,44.0572360004734
2513679438.07761,4489.82430565135,448.982430565135,89.796486113027,44.8982430565135
2577873106.19615,4574.67765017541,457.467765017541,91.4935530035083,45.7467765017541
2643706134.91258,4659.35560858351,465.935560858351,93.1871121716703,46.5935560858351
2711220389.77608,4743.14120975428,474.314120975427,94.8628241950855,47.4314120975428
2780458805.48697,4825.45326728761,482.54532672876,96.5090653457521,48.2545326728761
2851465413.20033,4905.81175492208,490.581175492208,98.1162350984416,49.0581175492208
2924285368.52703,4983.81440322986,498.381440322985,99.6762880645971,49.8381440322985
2998964980.2498,5059.498951098,505.9498951098,101.18997902196,50.59498951098
3075551739.77253,5142.07124363713,514.207124363712,102.841424872743,51.4207124363713
3154094351.32181,5235.80176284594,523.580176284594,104.716035256919,52.3580176284594
3234642762.91965,5334.3711446089,533.43711446089,106.687422892178,53.343711446089
3317248198.1472,5435.22652097691,543.522652097691,108.704530419538,54.3522652097691
3401963188.71955,5536.8690897435,553.68690897435,110.73738179487,55.368690897435
3488841607.89266,5638.21601815099,563.821601815098,112.76432036302,56.3821601815099
3577938704.72317,5738.42698512088,573.842698512088,114.768539702418,57.3842698512088
3669311139.20317,5836.81747547523,583.681747547523,116.736349509505,58.3681747547523
3763017018.29243,5932.82027489576,593.282027489576,118.656405497915,59.3282027489576
3859115932.87059,6025.95876968511,602.595876968511,120.519175393702,60.2595876968511
3957668995.63309,6115.83898874593,611.583898874593,122.316779774919,61.1583898874593
4058738879.95493,6202.11560219899,620.211560219899,124.04231204398,62.0211560219899
4162389859.74689,6284.5148525148,628.45148525148,125.690297050296,62.845148525148
4268687850.32955,6368.80621253555,636.880621253555,127.376124250711,63.6880621253555
4377700450.35115,6471.07555162069,647.107555162069,129.421511032414,64.7107555162069
4489496984.77606,6584.29405769962,658.429405769961,131.685881153992,65.8429405769962
4604148548.97085,6702.78890564,670.278890564,134.0557781128,67.0278890564
4721728053.91645,6824.00939968327,682.400939968327,136.480187993665,68.2400939968327
4842310272.57473,6946.25245449104,694.625245449103,138.925049089821,69.4625245449104
4965971887.43935,7068.23493408743,706.823493408743,141.364698681749,70.6823493408743
5092791539.30081,7188.93714148909,718.893714148909,143.778742829782,71.8893714148909
5222849877.25689,7307.51959279773,730.751959279773,146.150391855955,73.0751959279773
5356229610.00039,7423.28106630669,742.328106630669,148.465621326134,74.2328106630669
5493015558.41633,7535.63247311005,753.563247311005,150.712649462201,75.3563247311005
5633294709.52264,7649.95865599512,764.995865599512,152.999173119902,76.4995865599512
5777156271.78833,7781.47167168519,778.147167168519,155.629433433704,77.8147167168519
5924691731.86427,7923.03089208491,792.303089208491,158.460617841698,79.2303089208491
6075994912.76262,8069.06336674179,806.906336674179,161.381267334836,80.6906336674179
6231162033.52249,8216.96731910772,821.696731910771,164.339346382154,82.1696731910771
6390291770.39885,8364.97094765407,836.497094765407,167.299418953081,83.6497094765407
6553485319.61425,8511.72583391786,851.172583391786,170.234516678357,85.1172583391786
6720846461.71307,8656.15269139187,865.615269139187,173.123053827837,86.5615269139187
6892481627.55938,8797.35421577113,879.735421577113,175.947084315423,87.9735421577113
7068499966.01987,8934.59224271217,893.459224271217,178.691844854243,89.3459224271217
7249013413.37558,9067.23680543015,906.723680543015,181.344736108603,90.6723680543015
7434136764.50622,9202.04560061371,920.204560061371,184.040912012274,92.0204560061371
7623987745.89208,9357.39684131711,935.739684131711,187.147936826342,93.5739684131711
7818687090.48072,9524.56831337791,952.456831337791,190.491366267558,95.2456831337791
8018358614.46506,9696.92581709358,969.692581709358,193.938516341872,96.9692581709358
8223129296.02262,9871.37753761979,987.137753761978,197.427550752396,98.7137753761978
8433129356.06546,10045.8254086322,1004.58254086322,200.916508172643,100.458254086322
8648492341.0521,10218.6782226434,1021.86782226434,204.373564452869,102.186782226434
8869355207.91465,10388.660233894,1038.8660233894,207.773204677881,103.88660233894
9095858411.15435,10554.7305932871,1055.4730593287,211.094611865741,105.54730593287
9328145992.16165,10716.0137794619,1071.60137794619,214.320275589239,107.160137794619
9566365670.81726,10871.7645323078,1087.17645323078,217.435290646155,108.717645323078
9810668939.43246,11021.38211957,1102.138211957,220.427642391401,110.2138211957
10061211159.0881,11164.3463031844,1116.43463031844,223.286926063688,111.643463031844
10318151658.4347,11302.676543876,1130.2676543876,226.053530877519,113.02676543876
10581653835.015,11466.0961491164,1146.60961491164,229.321922982328,114.660961491164
10851885259.1737,11658.8178044252,1165.88178044252,233.176356088504,116.588178044252
11129017780.6222,11865.0471447081,1186.50471447081,237.300942894161,118.650471447081
11413227637.7236,12078.6945995762,1207.86945995762,241.573891991525,120.786945995762
11704695569.5684,12296.0707410473,1229.60707410473,245.921414820945,122.960707410473
12003606930.9137,12514.5110199433,1251.45110199433,250.290220398866,125.145110199433
12310151810.0562,12731.9207031059,1273.19207031059,254.638414062118,127.319207031059
12624525149.7164,12946.604330207,1294.6604330207,258.93208660414,129.46604330207
12946926871.0094,13157.1491646453,1315.71491646453,263.142983292907,131.571491646453
13277562000.5819,13362.3645669458,1336.23645669458,267.247291338917,133.623645669458
13616640800.9959,13563.7224259,1356.37224259,271.274448518,135.637224259
13964378904.442,13789.7426077739,1378.97426077739,275.794852155477,137.897426077739
14320997449.8675,14043.6702873881,1404.36702873881,280.873405747762,140.436702873881
14686723223.6067,14309.8490756252,1430.98490756252,286.196981512504,143.098490756252
15061788803.6021,14582.0550969847,1458.20550969846,291.641101939693,145.820550969846
15446432707.309,14856.418008717,1485.6418008717,297.128360174339,148.56418008717
15840899543.3773,15130.0834115306,1513.00834115306,302.601668230611,151.300834115306
16245440167.2066,15400.8115701662,1540.08115701662,308.016231403324,154.008115701662
16660311840.474,15666.7626083017,1566.67626083017,313.335252166035,156.667626083017
17085778394.7363,15926.3641646465,1592.63641646465,318.52728329293,159.263641646465
17522110399.2092,16187.3838638551,1618.73838638551,323.747677277103,161.873838638551
17969585332.8322,16493.534030725,1649.3534030725,329.8706806145,164.93534030725
18428487760.7271,16834.616627874,1683.4616627874,336.69233255748,168.34616627874
18899109515.1636,17192.3883016102,1719.23883016102,343.847766032204,171.923883016102
19381749881.1444,17559.1706983439,1755.91706983439,351.183413966878,175.591706983439
19876715786.7327,17929.9146614524,1792.99146614524,358.598293229048,179.299146614524
20384321998.2375,18307.5674106558,1830.75674106558,366.151348213116,183.075674106558
20904891320.3851,18738.3185090981,1873.83185090981,374.766370181962,187.383185090981
21438754801.6018,19216.5394881038,1921.65394881038,384.330789762076,192.165394881038
21986251944.5395,19718.58784985,1971.858784985,394.371756997,197.1858784985
22547730921.9774,20234.3407322944,2023.43407322944,404.686814645887,202.343407322944
23123548798.2371,20757.0472711107,2075.70472711107,415.140945422213,207.570472711107
23714071756.2528,21281.6172978902,2128.16172978902,425.632345957803,212.816172978902
24319675330.4398,21806.0036153155,2180.60036153155,436.120072306309,218.060036153155
24940744645.51,22404.3479343125,2240.43479343125,448.086958686251,224.043479343125
25577674661.3864,23121.0717561483,2312.10717561483,462.421435122966,231.210717561483
26230870424.3723,23899.7523634586,2389.97523634585,477.995047269171,238.997523634585
26900747324.7342,24716.6500782328,2471.66500782328,494.333001564655,247.166500782328
27587731360.863,25557.7787613728,2555.77787613728,511.155575227455,255.577787613728
28292259410.1822,26412.886709955,2641.2886709955,528.257734199099,264.12886709955
29014779506.9731,27273.9803291449,2727.39803291449,545.479606582899,272.739803291449
29755751127.2953,28134.3898174625,2813.43898174625,562.68779634925,281.343898174625
30515645481.1848,28988.5043589055,2898.85043589055,579.77008717811,289.885043589055
31294945812.3125,29831.5414452058,2983.15414452058,596.630828904115,298.315414452058
32094147705.2951,30659.3813519531,3065.93813519531,613.187627039061,306.593813519531
32913759400.8566,31468.6969685854,3146.86969685854,629.373939371709,314.686969685854
33754302119.0357,32383.6250407359,3238.36250407359,647.672500814718,323.836250407359
34616310390.647,33589.8449050285,3358.98449050285,671.796898100569,335.898449050285
35500332397.2099,34962.8575537824,3496.28575537824,699.257151075648,349.628575537824
36406930319.5557,36437.5353512366,3643.75353512366,728.750707024732,364.375353512366
37336680695.3378,37980.6460050122,3798.06460050122,759.612920100245,379.806460050122
38290174785.6731,39569.1141812712,3956.91141812712,791.382283625423,395.691141812712
39268018951.1456,41185.190331535,4118.5190331535,823.7038066307,411.85190331535
40270835037.4124,42871.1666713345,4287.11666713344,857.423333426689,428.711666713345
41299260770.6576,44877.3970637535,4487.73970637535,897.54794127507,448.773970637535
42353950163.1444,47131.1675503088,4713.11675503088,942.623351006177,471.311675503088
43435573929.1252,49523.8259747814,4952.38259747814,990.476519495628,495.238259747814
44544819911.3723,52007.0864075633,5200.70864075633,1040.14172815127,520.070864075633
45682393518.601,54548.0512150103,5454.80512150103,1090.96102430021,545.480512150103
46849018174.0648,57121.3721850283,5712.13721850283,1142.42744370057,571.213721850283
48045435775.6049,59706.3074185637,5970.63074185637,1194.12614837127,597.063074185637
49272407167.4496,62285.5090090656,6228.55090090655,1245.71018018131,622.855090090656
50530712624.0625,64844.1097451645,6484.41097451645,1296.88219490329,648.441097451645
51821152346.3462,67369.3265088908,6736.93265088908,1347.38653017782,673.693265088908
53144546970.5173,69850.1122168044,6985.01122168044,1397.00224433609,698.501122168044
54501738089.9801,72328.7878491623,7232.87878491623,1446.57575698325,723.287878491623
55893588790.5246,75318.44145471,7531.84414547099,1506.3688290942,753.1844145471
57320984199.1916,78845.5041151692,7884.55041151692,1576.91008230338,788.455041151692
58784832047.1594,82650.9997435827,8265.09997435827,1653.01999487165,826.509997435827
60286063246.9999,86633.3851599842,8663.33851599842,1732.66770319968,866.333851599842
61825632484.6793,90729.2844783875,9072.92844783874,1814.58568956775,907.292844783874
63404518826.6765,94892.0141159514,9489.20141159514,1897.84028231903,948.920141159514
65023726342.6072,99084.4791069528,9908.44791069527,1981.68958213906,990.844791069528
66684284743.7455,103276.059911226,10327.6059911226,2065.52119822453,1032.76059911226
68387250037.8546,107440.90491706,10744.090491706,2148.8180983412,1074.4090491706
70133705200.7402,111556.934359081,11155.6934359081,2231.13868718162,1115.56934359081
71924760864.9511,115605.139975171,11560.5139975171,2312.10279950343,1156.05139975171
73761556026.0721,119587.839218284,11958.7839218284,2391.75678436567,1195.87839218284
75645258767.0491,124031.955771512,12403.1955771512,2480.63911543024,1240.31955771512
77577067001.0167,129205.715557412,12920.5715557412,2584.11431114824,1292.05715557412
79558209233.0914,134741.498216623,13474.1498216623,2694.82996433247,1347.41498216623
81589945341.6223,140489.61662994,14048.961662994,2809.7923325988,1404.8961662994
83673567379.3933,146362.550870321,14636.2550870321,2927.25101740642,1463.62550870321
85810400395.283,152297.013192816,15229.7013192816,3045.94026385632,1522.97013192816
88001803276.9114,158243.341595454,15824.3341595454,3164.86683190907,1582.43341595454
90249169614.8049,164160.788312313,16416.0788312313,3283.21576624627,1641.60788312313
92553928588.6296,170015.246594599,17001.5246594599,3400.30493189198,1700.15246594599
94917545876.0546,175777.691298622,17577.7691298621,3515.55382597243,1757.77691298621
97341524584.8326,181423.321710595,18142.3321710595,3628.4664342119,1814.23321710595
99827406208.6771,186932.559451451,18693.2559451451,3738.65118902902,1869.32559451451
102376771607.55,192760.977922135,19276.0977922135,3855.21955844269,1927.60977922135
104991242012.992,199513.987764247,19951.3987764247,3990.27975528494,1995.13987764247
107672480059.117,206743.533427131,20674.3533427131,4134.87066854262,2067.43533427131
110422190839.94,214226.248353954,21422.6248353954,4284.52496707909,2142.26248353954
113242122993.708,221844.595432166,22184.4595432166,4436.89190864333,2218.44595432166
116134069814.921,229516.1361835,22951.61361835,4590.32272367,2295.161361835
119099870394.751,237177.323404556,23717.7323404555,4743.54646809111,2371.77323404556
122141410790.581,244776.559107748,24477.6559107748,4895.53118215496,2447.76559107748
125260625225.424,252271.030715518,25227.1030715518,5045.42061431036,2522.71030715518
128459497317.958,259625.920624386,25962.5920624386,5192.51841248771,2596.25920624386
131740061343.978,266808.626675664,26680.8626675664,5336.17253351329,2668.08626675664
135104403530.068,274399.59168413,27439.959168413,5487.9918336826,2743.9959168413
138554663380.303,283140.794355845,28314.0794355845,5662.8158871169,2831.40794355845
142093035036.84,292466.753330189,29246.6753330189,5849.33506660377,2924.66753330189
145721768675.241,302098.218442519,30209.8218442519,6041.96436885038,3020.98218442519
149443171935.451,311886.730739681,31188.6730739681,6237.73461479361,3118.86730739681
153259611389.3,321728.093333541,32172.8093333541,6434.56186667083,3217.28093333541
157173514045.489,331540.703481241,33154.0703481241,6630.81406962482,3315.40703481241
161187368893.018,341261.704369993,34126.1704369993,6825.23408739986,3412.61704369993
165303728484.014,350833.909345193,35083.3909345193,7016.67818690386,3508.33909345193
169525210556.993,360212.432669342,36021.2432669342,7204.24865338684,3602.12432669342
173854499701.571,369358.12659587,36935.812659587,7387.16253191739,3693.5812659587
178294349065.695,378237.967887954,37823.7967887954,7564.75935775908,3782.37967887954
182847582106.455,387250.212786436,38725.0212786436,7745.00425572871,3872.50212786436
187517094385.632,397541.804051463,39754.1804051463,7950.83608102926,3975.41804051463
192305855411.084,408598.08143352,40859.8081433519,8171.96162867039,4085.98081433519
197216910525.157,420005.61644254,42000.561644254,8400.1123288508,4200.0561644254
202253382841.331,431574.84206203,43157.484206203,8631.49684124061,4315.7484206203
207418475230.318,443177.473853494,44317.7473853494,8863.54947706988,4431.77473853494
212715472356.878,454716.428063497,45471.6428063497,9094.32856126994,4547.16428063497
218147742768.653,466113.835078952,46611.3835078951,9322.27670157903,4661.13835078952
223718741038.348,477305.558921685,47730.5558921685,9546.1111784337,4773.05558921685
229432009960.617,488238.163125322,48823.8163125322,9764.76326250644,4882.38163125322
235291182805.045,498866.150220431,49886.6150220431,9977.32300440862,4988.66150220431
241299985626.679,509151.406863947,50915.1406863946,10183.0281372789,5091.51406863946
247462239635.556,519323.296437152,51932.3296437152,10386.465928743,5193.23296437152
253781863626.747,530830.407840436,53083.0407840435,10616.6081568087,5308.30407840436
260262876472.45,543408.760706526,54340.8760706525,10868.1752141305,5434.08760706525
266909399677.741,556445.905692101,55644.5905692101,11128.918113842,5564.45905692101
273725660001.587,569691.383725413,56969.1383725413,11393.8276745083,5696.91383725413
280715992144.777,582983.741592865,58298.3741592865,11659.6748318573,5829.83741592865
287884841506.527,596202.826261702,59620.2826261701,11924.056525234,5962.02826261702
295236767011.459,609253.881013511,60925.3881013511,12185.0776202702,6092.53881013511
302776444008.786,622059.167194965,62205.9167194965,12441.1833438993,6220.59167194965
310508667245.523,634554.076020499,63455.4076020499,12691.08152041,6345.54076020499
318438353915.646,646684.049388285,64668.4049388285,12933.6809877657,6466.84049388285
326570546787.11,658404.094266393,65840.4094266392,13168.0818853279,6584.04094266393
334910417408.709,669792.874855698,66979.2874855698,13395.857497114,6697.92874855698
343463269398.864,682328.647093261,68232.864709326,13646.5729418652,6823.2864709326
352234541818.376,696237.89706989,69623.789706989,13924.7579413978,6962.3789706989
361229812629.305,710706.179051025,71070.6179051025,14214.1235810205,7107.06179051025
370454802242.213,725415.438985281,72541.5438985281,14508.3087797056,7254.15438985281
379915377153.964,740170.96589841,74017.096589841,14803.4193179682,7401.7096589841
389617553678.43,754831.431109434,75483.1431109434,15096.6286221887,7548.31431109434
399567501772.494,769286.499022379,76928.6499022379,15385.7299804476,7692.86499022379
409771548959.736,783446.708488596,78344.6708488596,15668.9341697719,7834.46708488596
420236184354.318,797237.185613656,79723.7185613656,15944.7437122731,7972.37185613656
430968062787.659,810596.475030405,81059.6475030405,16211.9295006081,8105.96475030405
441974009040.474,823619.400151122,82361.9400151121,16472.3880030224,8236.19400151122
453261022182.874,838080.784368328,83808.0784368328,16761.6156873666,8380.80784368328
464836280025.348,854222.149709255,85422.2149709254,17084.4429941851,8542.22149709255
476707143683.378,871069.470033365,87106.9470033365,17421.3894006673,8710.69470033365
488881162258.614,888239.624524159,88823.9624524159,17764.7924904832,8882.39624524159
501366077639.643,905497.027512414,90549.7027512414,18109.9405502483,9054.97027512414
514169829425.318,922669.917527996,92266.9917527996,18453.3983505599,9226.69917527996
527300559973.814,939623.511905088,93962.3511905088,18792.4702381018,9396.23511905088
540766619580.668,956247.972702481,95624.797270248,19124.9594540496,9562.4797270248
554576571789.01,972452.207606016,97245.2207606016,19449.0441521203,9724.52207606016
568739198835.43,988159.846908241,98815.984690824,19763.1969381648,9881.5984690824
583263507234.899,1003307.11884418,100330.711884418,20066.1423768835,10033.0711884418
598158733508.351,1017879.52082189,101787.952082189,20357.5904164378,10178.7952082189
613434350056.504,1033469.60337043,103346.960337043,20669.3920674085,10334.6960337043
629100071183.678,1051128.2197732,105112.82197732,21022.5643954641,10511.282197732
645165859275.495,1069655.07950731,106965.507950731,21393.1015901463,10696.5507950731
661641931134.289,1088552.74054418,108855.274054418,21771.0548108837,10885.5274054418
678538764476.346,1107537.85633456,110753.785633456,22150.7571266911,11075.3785633456
695867104595.032,1126409.52913182,112640.952913182,22528.1905826365,11264.0952913182
713637971194.132,1145013.13059197,114501.313059197,22900.2626118394,11450.1313059197
731862665395.655,1163223.42993211,116322.342993211,23264.4685986421,11632.2342993211
750552776926.622,1180937.62996384,118093.762996384,23618.7525992768,11809.3762996384
769720191489.363,1198069.77237328,119806.977237328,23961.3954474655,11980.6977237328
789377098320.089,1214548.01379642,121454.801379642,24290.9602759284,12145.4801379642
809535997940.44,1230314.00823745,123031.400823745,24606.2801647489,12303.1400823745
830209710106.992,1246523.44458045,124652.344458045,24930.4688916091,12465.2344458045
851411381963.826,1265040.93521794,126504.093521794,25300.8187043587,12650.4093521794
873154496403.249,1284650.25823201,128465.025823201,25693.0051646401,12846.5025823201
895452880640.016,1304685.54441517,130468.554441517,26093.7108883035,13046.8554441517
918320715004.589,1324814.37573893,132481.437573893,26496.2875147787,13248.1437573893
941772541960.886,1344806.13350094,134480.613350094,26896.1226700188,13448.0613350094
965823275354.329,1364488.85136416,136448.885136416,27289.7770272833,13644.8885136416
990488209896.129,1383721.6373053,138372.16373053,27674.4327461061,13837.216373053
1015783030889.7,1402390.17977502,140239.017977502,28047.8035955005,14023.9017977502
1041723824205.52,1420401.13184132,142040.113184132,28408.0226368264,14204.0113184132
1068327086510.66,1437677.40896831,143767.740896831,28753.5481793662,14376.7740896831
1095609735759.66,1455446.88358467,145544.688358467,29108.9376716934,14554.4688358467
1123589121953.24,1475641.30769582,147564.130769582,29512.8261539163,14756.4130769582
1152283038171.69,1496956.49984092,149695.649984092,29939.1299968185,14969.5649984092
1181709731890.28,1518692.73247617,151869.273247617,30373.8546495234,15186.9273247617
1211887916583.33,1540492.31402297,154049.231402297,30809.8462804594,15404.9231402297
1242836783624.83,1562107.27957901,156210.727957901,31242.1455915802,15621.0727957901
1274576014492.92,1583351.18067614,158335.118067614,31667.0236135229,15833.5118067614
1307125793286.03,1604071.30230479,160407.130230479,32081.4260460958,16040.7130230479
1340506819558.64,1624143.4188852,162414.34188852,32482.8683777039,16241.434188852
1374740321484.88,1643468.78544654,164346.878544654,32869.3757089308,16434.6878544654
1409848069358.29,1661960.4895758,166196.04895758,33239.209791516,16619.604895758
1445852389436.25,1679544.02142037,167954.402142037,33590.8804284075,16795.4402142037
1482776178138.14,1696985.32877995,169698.532877995,33939.7065755989,16969.8532877995
1520642916605.91,1716897.92945125,171689.792945125,34337.9585890251,17168.9792945125
1559476685636.56,1738275.29326945,173827.529326945,34765.5058653891,17382.7529326945
1599302180996.02,1760159.66324265,176015.966324265,35203.193264853,17601.5966324265
1640144729124.05,1782128.85885883,178212.885885883,35642.5771771767,17821.2885885883
1682030303240.18,1803902.79044779,180390.279044779,36078.0558089558,18039.0279044779
1724985539861,1825274.41705488,182527.441705488,36505.4883410976,18252.7441705488
1769037755739.32,1846077.9741755,184607.79741755,36921.5594835099,18460.779741755
1814214965235.84,1866180.59869773,186618.059869773,37323.6119739545,18661.8059869773
1860545898134.39,1885472.2182449,188547.22182449,37709.444364898,18854.722182449
1908060017912.32,1903862.30059644,190386.230059644,38077.2460119287,19038.6230059644
1956787540477.32,1922187.33833651,192218.733833651,38443.7467667302,19221.8733833651
2006759453382.81,1943269.39755718,194326.939755718,38865.3879511436,19432.6939755718
2058007535533.93,1965982.40416185,196598.240416184,39319.6480832369,19659.8240416184
2110564377397,1989285.95429184,198928.595429184,39785.7190858368,19892.8595429184
2164463401724.89,2012716.00155244,201271.600155244,40254.3200310487,20127.1600155244
2219738884811.67,2035963.70783701,203596.370783701,40719.2741567401,20359.6370783701
2276425978290.22,2058796.81050456,205879.681050456,41175.9362100912,20587.9681050456
2334560731486.33,2081032.47515331,208103.247515331,41620.6495030662,20810.3247515331
2394180114343.77,2102521.22392502,210252.122392502,42050.4244785005,21025.2122392502
2455322040934.75,2123138.81948096,212313.881948096,42462.7763896192,21231.3881948096
2518025393570.84,2142784.41626526,214278.441626525,42855.6883253051,21427.8441626526
2582330047529.66,2162276.21585633,216227.621585633,43245.5243171265,21622.7621585633
2648276896412.83,2184312.27155687,218431.227155687,43686.2454311375,21843.1227155687
2715907878151.83,2207777.02152041,220777.702152041,44155.5404304083,22077.7702152041
2785266001677.7,2231668.18779169,223166.818779169,44633.3637558338,22316.6818779169
2856395374271.96,2255533.9720181,225553.39720181,45110.679440362,22555.339720181
2929341229616.01,2279072.7273037,227907.27273037,45581.454546074,22790.727273037
3004149956556.86,2302057.71081007,230205.771081007,46041.1542162015,23020.5771081007
3080869128607.29,2324310.19591345,232431.019591345,46486.203918269,23243.1019591345
3159547534199.73,2345685.06826228,234568.506826228,46913.7013652456,23456.8506826228
3240235207712.42,2366061.04552269,236606.104552269,47321.2209104538,23660.6104552269
3322983461288.07,2385346.21861973,238534.621861973,47706.9243723946,23853.4621861973
3407844917465.01,2404464.94863688,240446.494863688,48089.2989727377,24044.6494863688
3494873542641.85,2426382.50996683,242638.250996683,48527.6501993366,24263.8250996683
3584124681396.54,2449858.75397404,244985.875397404,48997.1750794808,24498.5875397404
3675655091681.86,2473812.39734836,247381.239734836,49476.2479469672,24738.1239734836
3769522980919.98,2497753.32483309,249775.332483309,49955.0664966619,24977.5332483309
3865788043018.56,2521362.67602677,252136.267602677,50427.2535205355,25213.6267602677
3964511496332.04,2544392.71580268,254439.271580268,50887.8543160535,25443.9271580268
4065756122592.85,2566653.99375794,256665.399375794,51333.0798751587,25666.5399375794
4169586306836.36,2587999.59901274,258799.959901274,51759.9919802548,25879.9959901274
4276068078345.51,2608293.09753214,260829.309753214,52165.8619506428,26082.9309753214
4385269152641.4,2627433.49606719,262743.349606719,52548.6699213438,26274.3349606719
4497258974545.86,2645335.07751305,264533.507751305,52906.7015502611,26453.3507751305
4612108762343.73,2662425.71113498,266242.571113498,53248.5142226997,26624.2571113498
4729891553073.37,2681721.28500992,268172.128500992,53634.4257001984,26817.2128500992
4850682248973.3,2702781.90335862,270278.190335861,54055.6380671723,27027.8190335862
4974557665115.14,2724302.48443368,272430.248443368,54486.0496886735,27243.0248443368
5101596578253.22,2745759.16483634,274575.916483634,54915.1832967268,27457.5916483634
5231879776921.34,2766821.75841144,276682.175841144,55336.4351682289,27668.2175841144
5365490112809.17,2787248.13046942,278724.813046942,55744.9626093883,27872.4813046942
5502512553450.35,2806851.25224984,280685.125224984,56137.0250449968,28068.5125224984
5643034236256.65,2825478.84463632,282547.884463632,56509.5768927264,28254.7884463632
5787144523931.52,2843017.27486638,284301.727486638,56860.3454973277,28430.1727486638
5934935061299.12,2860438.00999027,286043.800999027,57208.7601998055,28604.3800999027
6086499833584.27,2880723.22680673,288072.322680673,57614.4645361345,28807.2322680673
6241935226181.27,2902549.22591442,290254.922591442,58050.9845182884,29025.4922591442
6401340085948.69,2924823.50550194,292482.350550194,58496.4701100389,29248.2350550194
6564815784069.34,2947045.95362224,294704.595362224,58940.9190724448,29470.4595362224
6732466280516.15,2968881.6233461,296888.16233461,59377.632466922,29688.816233461
6904398190163.79,2990079.71960474,299007.971960474,59801.5943920949,29900.7971960474
7080720850588.89,3010440.95455623,301044.095455623,60208.8190911245,30104.4095455623
7261546391601.51,3029805.73806255,302980.573806255,60596.114761251,30298.0573806255
7446989806552.75,3048042.37837084,304804.237837084,60960.8475674169,30480.4237837084
7637169025462.9,3065047.73732549,306504.773732549,61300.9547465098,30650.4773732549
7832204990017.17,3080719.34864359,308071.934864358,61614.3869728717,30807.1934864358
8032221730477.12,3095638.60198,309563.860198,61912.7720395999,30956.3860198
8237346444555.71,3113467.56540496,311346.756540496,62269.3513080992,31134.6756540496
8447709578306.61,3133601.25852723,313360.125852723,62672.0251705446,31336.0125852723
8663444909079.85,3154490.34358338,315449.034358338,63089.8068716677,31544.9034358338
8884689630595.41,3175513.51139225,317551.351139224,63510.2702278449,31755.1351139224
9111584440189.27,3196276.35411438,319627.635411438,63925.5270822875,31962.7635411438
9344273628288.3,3216490.69856649,321649.069856649,64329.8139713299,32164.9069856649
9582905170169.41,3235932.27683338,323593.227683338,64718.6455366676,32359.3227683338
9827630820062.02,3254420.7026272,325442.07026272,65088.4140525441,32544.207026272
10078606207654.4,3271810.30561034,327181.030561034,65436.2061122068,32718.1030561034
10335990937063.8,3289060.58688603,328906.058688602,65781.2117377205,32890.6058688602
10599948688334.5,3308979.15086776,330897.915086776,66179.5830173553,33089.7915086776
10870647321527.3,3330234.51413325,333023.451413325,66604.690282665,33302.3451413325
11148258983468.3,3351780.25986838,335178.025986838,67035.6051973675,33517.8025986838
11432960217223,3373128.66656139,337312.866656139,67462.5733312279,33731.2866656139
11724932074365.6,3393947.74062969,339394.774062969,67878.9548125938,33939.4774062969
12024360230117.2,3413989.51972504,341398.951972504,68279.7903945009,34139.8951972504
12331435101422.3,3433056.8108513,343305.68108513,68661.136217026,34330.568108513
12646351968042.1,3450991.31474279,345099.131474279,69019.8262948557,34509.9131474279
12969311096739.7,3467662.56315689,346766.256315689,69353.2512631378,34676.6256315689
13300517868637.1,3482965.60531712,348296.560531712,69659.3121063424,34829.6560531712
13640182909823.4,3496812.06902711,349681.206902711,69936.2413805422,34968.1206902711
13988522225300.7,3509836.35206779,350983.635206779,70196.7270413557,35098.3635206779
14345757336348.4,3525843.7584148,352584.37584148,70516.8751682959,35258.437584148
14712115421396.4,3544128.77531193,354412.877531193,70882.5755062386,35441.2877531193
15087829460496.4,3563118.20010208,356311.820010208,71262.3640020416,35631.1820010208
15473138383481.7,3582178.59052647,358217.859052646,71643.5718105293,35821.7859052647
15868287221911.7,3600907.98948705,360090.798948705,72018.1597897411,36009.0798948705
16273527264895.1,3619014.58937818,361901.458937817,72380.2917875635,36190.1458937818
16689116218894.5,3636270.1871643,363627.018716429,72725.4037432859,36362.701871643
17115318371611,3652491.71124911,365249.171124911,73049.8342249823,36524.9171124911
17552404760052.9,3667534.56692273,366753.456692273,73350.6913384545,36675.3456692273
18000653342899.6,3681275.21887726,368127.521887726,73625.5043775451,36812.7521887726
18460349177263.6,3694254.12644504,369425.412644504,73885.0825289007,36942.5412644504
18931784599969.8,3709814.44379773,370981.444379773,74196.2888759545,37098.1444379773
19415259413461.3,3727268.25418816,372726.825418816,74545.3650837632,37272.6825418816
19911081076455.9,3745208.51703378,374520.851703378,74904.1703406756,37452.0851703378
20419564899469.1,3763058.09600016,376305.809600016,75261.1619200032,37630.5809600016
20941034245331.4,3780445.71231629,378044.571231629,75608.9142463257,37804.4571231629
21475820734825.7,3797098.53771195,379709.853771195,75941.970754239,37970.9853771195
22024264457577.7,3812804.9015707,381280.49015707,76256.098031414,38128.049015707
22586714188330.3,3827394.38689637,382739.438689637,76547.8877379274,38273.9438689637
23163527608741.1,3840730.18500465,384073.018500465,76814.603700093,38407.3018500465
23755071534846.2,3853833.95758732,385383.395758732,77076.6791517463,38538.3395758732
24361722150330.7,3869426.78337505,386942.678337505,77388.5356675009,38694.2678337505
24983865245756.7,3886144.02017918,388614.402017918,77722.8804035836,38861.4402017918
25621896463902.3,3902988.46171954,390298.846171953,78059.7692343907,39029.8846171953
26276221551364.4,3919490.01472676,391949.001472676,78389.8002945353,39194.9001472676
26947256616586.2,3935332.99794975,393533.299794975,78706.6599589949,39353.3299794975
27635428394477.3,3950280.13541832,395028.013541832,79005.6027083664,39502.8013541832
28341174517788.1,3964144.46082879,396414.446082879,79282.8892165757,39641.4446082879
29064943795415.5,3976777.34714151,397677.734714151,79535.5469428302,39767.7734714151
29807196497818,3988076.08532723,398807.608532723,79761.5217065445,39880.7608532723
30568404649717,4000089.62363016,400008.962363016,80001.7924726032,40000.8962363016
31349052330273.1,4015015.87759044,401501.587759044,80300.3175518088,40150.1587759044
32149635980931.1,4030969.96522286,403096.996522286,80619.3993044571,40309.6996522286
32970664721123.2,4047099.79956603,404709.979956603,80941.9959913206,40470.9979956603
33812660672036.7,4062927.59876924,406292.759876924,81258.5519753848,40629.2759876924
34676159288648.4,4078133.3851883,407813.33851883,81562.667703766,40781.333851883
35561709700240.8,4092472.09918687,409247.209918687,81849.4419837373,40924.7209918687
36469875059612,4105749.53652877,410574.953652876,82114.9907305753,41057.4953652877
37401232901203.6,4117809.56489989,411780.956489989,82356.1912979979,41178.0956489989
38356375508377,4128523.88794812,412852.388794812,82570.4777589624,41285.2388794812
39335910290066.8,4137811.74690227,413781.174690227,82756.2349380454,41378.1174690227
40340460167052,4147776.84395679,414777.684395679,82955.5368791358,41477.7684395679
41370663968095.6,4160612.95214377,416061.295214377,83212.2590428754,41606.1295214377
42427176836197.5,4174424.93442203,417442.493442202,83488.4986884405,41744.2493442203
43510670645222,4188363.9307885,418836.39307885,83767.2786157701,41883.639307885
44621834427168,4201971.83419512,420197.183419512,84039.4366839023,42019.7183419512
45761374810347.6,4214932.52894906,421493.252894906,84298.6505789812,42149.3252894906
46930016468756.9,4227005.70706484,422700.570706484,84540.1141412969,42270.0570706484
48128502582919.7,4238004.11987698,423800.411987698,84760.0823975397,42380.0411987698
49357595312505.3,4247775.22111965,424777.522111965,84955.5044223931,42477.7522111965
50618076281011,4256348.62326202,425634.862326201,85126.9724652403,42563.4862326202
51910747072823.2,4266404.20050056,426640.420050056,85328.0840100112,42664.0420050056
53236429742975.6,4278760.62669926,427876.062669926,85575.2125339851,42787.6062669926
54595967339921.5,4291730.16729227,429173.016729227,85834.6033458455,42917.3016729227
55990224441658.7,4304637.48925513,430463.748925513,86092.7497851026,43046.3748925513
57420087705543.6,4317086.87785818,431708.687785818,86341.7375571635,43170.8687785818
58886466432150.7,4328789.68319325,432878.968319325,86575.793663865,43287.8968319325
60390293143527.6,4339527.32048546,433952.732048546,86790.5464097091,43395.2732048546
61932524176217,4349125.01784584,434912.501784584,86982.5003569169,43491.2501784584
63514140289428.2,4357442.879768,435744.2879768,87148.85759536,43574.42879768
65136147288734.2,4364366.30435489,436436.630435489,87287.3260870977,43643.6630435489
66799576665700.5,4369983.14065137,436998.314065137,87399.6628130273,43699.8314065137
68505486253844.3,4377322.63683902,437732.263683902,87546.4527367804,43773.2263683902
70254960901352,4387282.18946987,438728.218946987,87745.6437893974,43872.8218946987
72049113160970.4,4398018.72742179,439801.872742179,87960.3745484357,43980.1872742179
73889083997517.2,4408807.43466467,440880.743466466,88176.1486932933,44088.0743466467
75776043513463.5,4419249.05322113,441924.905322113,88384.9810644227,44192.4905322113
77711191693042.2,4429019.14949146,442901.914949146,88580.3829898291,44290.1914949146
79695759165358.5,4437895.53026769,443789.553026769,88757.9106053538,44378.9553026769
81731007986993.5,4445697.12561173,444569.712561173,88913.9425122346,44456.9712561173
83818232444589.6,4453289.64497184,445328.964497184,89065.7928994368,44532.8964497184
85958759877930.5,4463751.73703777,446375.173703777,89275.0347407553,44637.5173703777
88153951524047.8,4475808.10080376,447580.810080376,89516.1620160752,44758.0810080376
90405203382877.3,4488263.72802281,448826.372802281,89765.2745604563,44882.6372802281
92713947105023.3,4500577.2480073,450057.72480073,90011.544960146,45005.772480073
95081650902199.1,4512384.69949294,451238.469949294,90247.6939898588,45123.8469949294
97509820480913.6,4523413.71789503,452341.371789503,90468.2743579007,45234.1371789503
100000000000000,4533448.60913899,453344.860913899,90668.9721827799,45334.4860913899
